Confusion Matrix
[[  8074     40   1058     92]
 [   357  16798   2290    180]
 [  1043   1072 128465   2928]
 [   124     96   1448   4959]]
[[0.8715457685664939, 0.004317789291882556, 0.11420552677029361, 0.009930915371329879],
 [0.018191082802547772, 0.8559490445859873, 0.11668789808917197, 0.009171974522292993],
 [0.007812265931629566, 0.008029481379392996, 0.9622269826527249, 0.02193127003625251],
 [0.01871133242794628, 0.014486192847442281, 0.21850007544892108, 0.7483023992756903]]
0.9365297235895494
