Confusion Matrix VGG 16 LL (epoch2)
[[  8212    112   1924    125]
 [   115  16773   1693    169]
 [   346   1138 127531   1885]
 [   189    473   1907   6432]]
[[0.791670683505254, 0.010797262122818856, 0.1854815386098525, 0.012050515762074616],
 [0.0061333333333333335, 0.89456, 0.09029333333333334, 0.009013333333333333],
 [0.002643239113827349, 0.008693659281894577, 0.9742627960275019, 0.014400305576776165],
 [0.02099766692589712, 0.05254971669814465, 0.21186534829463394, 0.7145872680813243]]
0.9403871639530481
