Confusion Matrix
[[  8311     55   1820    187]
 [   208  15598   2633    311]
 [   446   1002 127919   1533]
 [   270    311   2479   5941]]
[[0.8012146919888171, 0.005302226935312832, 0.17545550949580643, 0.018027571580063628],
 [0.011093333333333334, 0.8318933333333334, 0.14042666666666667, 0.016586666666666666],
 [0.003407181054239878, 0.007654698242933537, 0.9772268907563025, 0.011711229946524064],
 [0.02999666703699589, 0.03455171647594712, 0.27541384290634374, 0.6600377735807132]]
0.9334118231730405
