Confusion Matrix
[[  8075    112   2042    144]
 [   220  15194   3110    226]
 [   466   1168 127836   1430]
 [   290    346   3015   5350]]
[[0.7784633182300202, 0.010797262122818856, 0.19685722548925094, 0.013882194157909958],
 [0.011733333333333333, 0.8103466666666667, 0.16586666666666666, 0.012053333333333333],
 [0.0035599694423223836, 0.008922841864018335, 0.9765928189457601, 0.010924369747899159],
 [0.03221864237306966, 0.03844017331407621, 0.3349627819131208, 0.5943784023997334]]
0.925637779250284
