Confusion Matrix VGGFace LL (epoch3)
[[  8371     44   1764    194]
 [   196  16135   2171    248]
 [   549   1077 127399   1875]
 [   244    401   2018   6338]]
[[0.806998939554613, 0.0042417815482502655, 0.17005687843439699, 0.018702400462739806],
 [0.010453333333333334, 0.8605333333333334, 0.11578666666666666, 0.013226666666666666],
 [0.004194041252864782, 0.008227654698242933, 0.9732543926661573, 0.014323911382734911],
 [0.027108099100099987, 0.04455060548827908, 0.22419731140984336, 0.7041439840017776]]
0.9362161586520258

