Confusion Matrix
[[  8450     67   1705    151]
 [   119  16358   2040    233]
 [   396   1049 127768   1687]
 [   238    385   2290   6088]]
[[0.8146148655162441, 0.006459076448471995, 0.16436903499469777, 0.014557023040586137], 
 [0.006346666666666666, 0.8724266666666667, 0.1088, 0.012426666666666667],
 [0.0030252100840336134, 0.008013750954927425, 0.9760733384262796, 0.012887700534759359],
 [0.02644150649927786, 0.042773025219420065, 0.25441617598044663, 0.6763692923008554]]
0.9387069291934873
